goal1:
  x: 5.41047477722168
  y: -0.31595462560653687
  z: -0.0013427734375
  roll: 0
  pitch: 0
  yaw: 0
